 3.04981884057971e+002    2.16916354556804e+000
 3.09963768115942e+002    2.16916354556804e+000
 3.15021135265700e+002    2.16916354556804e+000
 3.20003019323671e+002    2.14575530586767e+000
 3.24984903381643e+002    2.10674157303371e+000
 3.29966787439614e+002    3.01966292134831e+000
 3.29966787439614e+002    2.59831460674157e+000
 3.35024154589372e+002    5.92228464419476e+000
 3.40006038647343e+002    1.07911985018727e+001
 3.44987922705314e+002    1.51919475655431e+001
 3.49969806763285e+002    1.84378901373283e+001
 3.55027173913044e+002    2.07240948813983e+001
 3.60009057971015e+002    2.18086766541823e+001
 3.64990942028986e+002    2.25811485642946e+001
 3.69972826086957e+002    2.30805243445693e+001
 3.75030193236715e+002    2.35174781523096e+001
 3.80012077294686e+002    2.38920099875156e+001
 3.84993961352657e+002    2.42821473158552e+001
 3.89975845410628e+002    2.47269038701623e+001
 3.95033212560386e+002    2.51404494382022e+001
 4.00015096618357e+002    2.55305867665418e+001
 4.04996980676328e+002    2.59519350811486e+001
 4.09978864734300e+002    2.63342696629214e+001
 4.15036231884058e+002    2.67322097378277e+001
 4.20018115942029e+002    2.70287141073658e+001
 4.25000000000000e+002    2.73174157303371e+001
 4.29981884057971e+002    2.76607365792759e+001
 4.34963768115942e+002    2.80118601747815e+001
 4.40021135265700e+002    2.83395755305868e+001
 4.45003019323671e+002    2.85892634207241e+001
 4.49984903381643e+002    2.90028089887640e+001
 4.54966787439614e+002    2.93149188514357e+001
 4.60024154589372e+002    2.97050561797753e+001
 4.65006038647343e+002    3.00015605493134e+001
 4.69987922705314e+002    3.03760923845194e+001
 4.74969806763285e+002    3.07194132334582e+001
 4.80027173913044e+002    3.10237203495630e+001
 4.85009057971015e+002    3.11485642946317e+001
 4.89990942028986e+002    3.13670411985019e+001
 4.94972826086957e+002    3.15621098626717e+001
 5.00030193236715e+002    3.18117977528090e+001
 5.05012077294686e+002    3.22409488139825e+001
 5.09993961352657e+002    3.27559300873908e+001
 5.14975845410628e+002    3.33255305867665e+001
 5.20033212560386e+002    3.38561173533084e+001
 5.25015096618357e+002    3.42306491885144e+001
 5.29996980676329e+002    3.45739700374532e+001
 5.34978864734300e+002    3.48548689138577e+001
 5.40036231884058e+002    3.51201622971286e+001
 5.45018115942029e+002    3.54166666666667e+001
 5.50000000000000e+002    3.56351435705368e+001
 5.54981884057971e+002    3.58458177278402e+001
 5.59963768115942e+002    3.61267166042447e+001
 5.65021135265700e+002    3.63061797752809e+001
 5.70003019323671e+002    3.66495006242197e+001
 5.74984903381642e+002    3.69382022471910e+001
 5.79966787439613e+002    3.72034956304619e+001
 5.85024154589372e+002    3.74375780274657e+001
 5.90006038647343e+002    3.77340823970037e+001
 5.94987922705314e+002    3.79915730337079e+001
 5.99969806763285e+002    3.82958801498127e+001
 6.05027173913044e+002    3.85221598002497e+001
 6.10009057971015e+002    3.87796504369538e+001
 6.14990942028986e+002    3.90605493133583e+001
 6.19972826086957e+002    3.93024344569288e+001
 6.25030193236715e+002    3.95443196004994e+001
 6.30012077294686e+002    3.98018102372035e+001
 6.34993961352657e+002    4.00827091136080e+001
 6.39975845410628e+002    4.03167915106117e+001
 6.45033212560387e+002    4.06132958801498e+001
 6.50015096618358e+002    4.08005617977528e+001
 6.54996980676329e+002    4.11516853932584e+001
 6.59978864734300e+002    4.13779650436954e+001
 6.65036231884058e+002    4.16198501872659e+001
 6.70018115942029e+002    4.18461298377029e+001
 6.75000000000000e+002    4.21426342072409e+001
 6.79981884057971e+002    4.23845193508115e+001
 6.84963768115942e+002    4.26576154806492e+001
 6.90021135265700e+002    4.28682896379526e+001
 6.95003019323671e+002    4.30945692883895e+001
 6.99984903381642e+002    4.33286516853933e+001
 7.04966787439613e+002    4.35783395755306e+001
 7.10024154589372e+002    4.38358302122347e+001
 7.15006038647343e+002    4.40543071161049e+001
 7.19987922705314e+002    4.43586142322097e+001
 7.24969806763285e+002    4.46395131086142e+001
 7.30027173913044e+002    4.48813982521848e+001
 7.35009057971015e+002    4.50530586766542e+001
 7.39990942028986e+002    4.53807740324594e+001
 7.44972826086957e+002    4.56148564294632e+001
