 4.94830592924763e+000    1.32654474923802e-001
 4.99314897857499e+000    1.34732612912164e-001
 5.03674638764325e+000    1.35425325574952e-001
 5.07909815645242e+000    1.42006095871433e-001
 5.12331838565022e+000    1.44430590191189e-001
 5.16816143497758e+000    1.46508728179551e-001
 5.21113602391629e+000    1.51011360487670e-001
 5.25286497259591e+000    1.57592130784151e-001
 5.29708520179372e+000    1.60362981435301e-001
 5.34130543099153e+000    1.65558326406207e-001
 5.38552566018934e+000    1.70753671377113e-001
 5.42787742899851e+000    1.78027154336381e-001
 5.47085201793722e+000    1.85300637295650e-001
 5.51382660687593e+000    1.91535051260737e-001
 5.55804683607374e+000    1.96037683568856e-001
 5.60288988540110e+000    1.98808534220006e-001
 5.64773293472845e+000    2.01233028539762e-001
 4.90408570004983e+000    1.28844555278471e-001
 4.59641255605381e+000    1.09102244389027e-001
 4.55219232685600e+000    1.07370462732059e-001
 4.50797209765820e+000    1.10834026045996e-001
 4.46375186846039e+000    1.07370462732059e-001
 4.41890881913303e+000    1.07024106400665e-001
 4.37468858993523e+000    1.03906899418121e-001
 4.33046836073742e+000    1.05985037406484e-001
 4.02902341803687e+000    9.97506234413965e-002
 4.07324364723468e+000    9.49016348018842e-002
 4.11808669656203e+000    9.49016348018842e-002
 4.16230692575984e+000    9.62870601274591e-002
 4.20714997508720e+000    9.76724854530341e-002
 4.25199302441455e+000    1.01136048766971e-001
 4.29559043348281e+000    1.04599612080909e-001
 4.33981066268062e+000    1.01482405098365e-001
 3.98480318883906e+000    9.52479911332779e-002
 3.94058295964126e+000    9.17844278193405e-002
 3.89636273044345e+000    9.52479911332779e-002
 3.85214250124564e+000    9.49016348018842e-002
 3.80916791230693e+000    8.86672208367969e-002
 3.76494768310912e+000    8.90135771681906e-002
 3.72072745391131e+000    9.21307841507343e-002
 3.67588440458396e+000    9.24771404821280e-002
 3.23991031390135e+000    8.10473815461347e-002
 3.28475336322870e+000    8.10473815461347e-002
 3.32959641255605e+000    8.10473815461347e-002
 3.37381664175386e+000    8.24328068717096e-002
 3.41679123069258e+000    8.58963701856470e-002
 3.46101145989038e+000    8.52036575228595e-002
 3.50585450921774e+000    8.38182321972846e-002
 3.55069755854509e+000    8.55500138542532e-002
 2.83632286995516e+000    8.10473815461347e-002
 2.88116591928251e+000    8.31255195344971e-002
 2.92600896860987e+000    8.27791632031034e-002
 2.97022919780767e+000    7.93155998891660e-002
 3.01507224713503e+000    7.89692435577722e-002
 3.05991529646238e+000    8.00083125519535e-002
 3.10475834578974e+000    8.10473815461347e-002
 3.14960139511709e+000    7.93155998891660e-002
 2.79147982062780e+000    7.93155998891660e-002
 2.74663677130045e+000    7.96619562205597e-002
 2.70179372197309e+000    7.96619562205597e-002
 2.65757349277529e+000    7.93155998891660e-002
 2.61335326357748e+000    8.10473815461347e-002
 2.56851021425013e+000    8.13937378775284e-002
 2.52491280518186e+000    7.48129675810474e-002
 2.37107623318386e+000    7.16957605985037e-002
 2.41591928251121e+000    7.16957605985037e-002
 2.32685600398605e+000    7.65447492380161e-002
 2.28263577478824e+000    7.61983929066223e-002
 2.23841554559043e+000    7.65447492380161e-002
 2.19419531639263e+000    7.30811859240787e-002
 2.14935226706527e+000    7.13494042671100e-002
 2.10450921773792e+000    7.16957605985037e-002
 2.06028898854011e+000    7.48129675810474e-002
 1.85538116591928e+000    7.34275422554724e-002
 1.90022421524664e+000    7.30811859240787e-002
 1.94506726457399e+000    7.41202549182599e-002
 1.98991031390135e+000    7.51593239124411e-002
 2.03475336322870e+000    7.34275422554724e-002
 1.81053811659193e+000    7.30811859240787e-002
 1.76631788739412e+000    6.99639789415351e-002
 1.72147483806677e+000    6.82321972845664e-002
 1.67663178873941e+000    6.82321972845664e-002
 1.63178873941206e+000    6.99639789415351e-002
 1.58756851021425e+000    7.34275422554724e-002
 1.54272546088690e+000    7.44666112496536e-002
 1.49850523168909e+000    7.41202549182599e-002
 1.45366218236173e+000    7.34275422554724e-002
 1.40881913303438e+000    7.34275422554724e-002
 1.36397608370703e+000    7.41202549182599e-002
 1.31913303437967e+000    7.44666112496536e-002
 1.27428998505232e+000    7.37738985868662e-002
 1.23006975585451e+000    7.27348295926850e-002
 1.18522670652715e+000    7.20421169298975e-002
 1.14038365719980e+000    7.13494042671100e-002
 1.09554060787245e+000    7.13494042671100e-002
 1.05069755854509e+000    7.30811859240787e-002
 1.00710014947683e+000    7.65447492380161e-002
 9.63502740408570e-001    7.30811859240787e-002
 9.18659691081216e-001    7.16957605985037e-002
 8.73816641753862e-001    7.16957605985037e-002
 8.28973592426507e-001    7.16957605985037e-002
 7.84130543099153e-001    7.16957605985037e-002
 7.39287493771799e-001    7.16957605985037e-002
 6.94444444444444e-001    7.16957605985037e-002
 6.49601395117090e-001    7.16957605985037e-002
 6.04758345789736e-001    7.16957605985037e-002
 5.59915296462382e-001    7.16957605985037e-002
 5.15072247135027e-001    7.16957605985037e-002
 4.70229197807673e-001    7.16957605985037e-002
 4.25386148480319e-001    7.16957605985037e-002
 3.80543099152965e-001    7.16957605985037e-002
 3.35700049825610e-001    7.16957605985037e-002
 2.90857000498256e-001    7.16957605985037e-002
 2.46013951170902e-001    7.16957605985037e-002
 2.01170901843548e-001    7.10030479357163e-002
 1.56327852516193e-001    7.10030479357163e-002
 1.11484803188839e-001    7.30811859240787e-002
 6.78873941205780e-002    7.75838182321973e-002
 2.30443447932237e-002    7.58520365752286e-002
 4.76831091180867e+000    1.21571072319202e-001
 4.81253114100648e+000    1.24341922970352e-001
 4.72471350274041e+000    1.16029371016902e-001
 4.67987045341305e+000    1.18800221668052e-001
 3.61484803188839e+000    9.35162094763092e-002
 3.57125062282013e+000    8.72817955112219e-002
