1.55 1.808
1.60 1.810
1.65 1.811
1.70 1.813
1.75 1.815
1.80 1.817
1.85 1.819
1.90 1.821
1.95 1.823
2.00 1.825
2.05 1.827
2.10 1.829
2.15 1.831
2.20 1.833
2.25 1.835
2.30 1.837
2.35 1.839
2.40 1.841
2.45 1.843
2.50 1.845
2.55 1.847
2.60 1.849
2.65 1.851
2.70 1.853
2.75 1.855
2.80 1.857
2.85 1.859
2.90 1.861
2.95 1.863
3.00 1.865
3.10 1.869
3.20 1.873
3.30 1.877
3.40 1.881
3.50 1.885
3.60 1.889
3.70 1.893
3.80 1.897
3.90 1.901
4.00 1.905
4.10 1.909
4.20 1.913
4.30 1.917
4.40 1.921
4.50 1.925
4.60 1.929
4.70 1.933
4.80 1.937
4.90 1.941
5.00 1.945
5.10 1.949
5.20 1.953
5.30 1.957
5.40 1.961
5.50 1.965
5.60 1.969
5.70 1.973
5.80 1.977
5.90 1.981
6.00 1.985
6.10 1.989
6.20 1.993
