 2.60785731501567e+000    4.44360141628730e+000
 2.63726199084117e+000    4.48727027482718e+000
 2.66763075439865e+000    4.52857865452706e+000
 2.69751747409014e+000    4.57224751306694e+000
 2.72644010604965e+000    4.61945708986680e+000
 2.75488069414317e+000    4.66784690608666e+000
 2.78332128223668e+000    4.71623672230653e+000
 2.81079778259822e+000    4.76698701736638e+000
 2.83779223909376e+000    4.82009779126623e+000
 2.86478669558930e+000    4.87438880458607e+000
 2.89081706435286e+000    4.92986005732591e+000
 2.91588334538443e+000    4.98887202832575e+000
 2.93998553868402e+000    5.05024447816557e+000
 2.96360568811762e+000    5.11161692800540e+000
 2.98674379368523e+000    5.17416961726522e+000
 3.00843576765486e+000    5.23908278536503e+000
 3.02964569775850e+000    5.30635643230484e+000
 3.04989154013015e+000    5.37481031866464e+000
 3.07013738250181e+000    5.44444444444444e+000
 3.09038322487346e+000    5.51525880964424e+000
 3.10870089178115e+000    5.58725341426404e+000
 3.12509038322487e+000    5.66278873714382e+000
 3.14051578693661e+000    5.73832406002361e+000
 3.15545914678236e+000    5.81503962232339e+000
 3.17040250662810e+000    5.89175518462317e+000
 3.18630995420583e+000    5.96847074692295e+000
 3.20173535791757e+000    6.04518630922273e+000
 3.21523258616534e+000    6.12308211094251e+000
 3.22728368281514e+000    6.20333839150228e+000
 3.23981682333092e+000    6.28241443264205e+000
 3.25234996384671e+000    6.36267071320182e+000
 3.26440106049651e+000    6.44174675434159e+000
 3.27597011328031e+000    6.52200303490137e+000
 3.28898529766209e+000    6.60107907604114e+000
 3.30296456977585e+000    6.67897487776092e+000
 2.57700650759219e+000    4.40583375484741e+000
 2.54615570016872e+000    4.36688585398752e+000
 2.51434080501326e+000    4.33029843196763e+000
 2.48252590985780e+000    4.29489124936773e+000
 2.45119305856833e+000    4.26066430618783e+000
 2.41889611954688e+000    4.22761760242792e+000
 2.38659918052543e+000    4.19575113808801e+000
 2.35430224150398e+000    4.16624515258810e+000
 2.32152325861653e+000    4.13673916708818e+000
 2.28874427572909e+000    4.10841342100826e+000
 2.25548324897566e+000    4.08244815376834e+000
 2.22270426608821e+000    4.05530264710841e+000
 2.18992528320077e+000    4.02933737986849e+000
 2.15666425644734e+000    4.00455235204856e+000
 2.12340322969390e+000    3.98094756364863e+000
 2.09014220294047e+000    3.95852301466869e+000
 2.05639913232104e+000    3.93727870510875e+000
 2.02265606170161e+000    3.91485415612881e+000
 1.98891299108219e+000    3.89479008598887e+000
 1.95516992046276e+000    3.87590625526893e+000
 1.92142684984334e+000    3.85584218512898e+000
 1.88768377922391e+000    3.83695835440904e+000
 1.85394070860448e+000    3.81925476310909e+000
 1.81971559411906e+000    3.80155117180914e+000
 1.78549047963365e+000    3.78502781992919e+000
 1.75126536514823e+000    3.76968470746923e+000
 1.71704025066281e+000    3.75552183442927e+000
 1.68281513617739e+000    3.74253920080931e+000
 1.64859002169197e+000    3.72955656718934e+000
 1.61436490720656e+000    3.71657393356938e+000
 1.58013979272114e+000    3.70241106052942e+000
 1.54591467823572e+000    3.68824818748946e+000
 1.51168956375030e+000    3.67408531444950e+000
 3.38684020245842e+000    6.55150902040128e+000
 3.40756808869607e+000    6.48423537346147e+000
 3.41913714147987e+000    6.40515933232170e+000
 3.42733188720174e+000    6.32254257292194e+000
 3.43552663292360e+000    6.23874557410218e+000
 3.44420342251145e+000    6.15612881470241e+000
 3.45288021209930e+000    6.07351205530265e+000
 3.46203904555315e+000    5.99207553532288e+000
 3.47167992287298e+000    5.91063901534311e+000
 3.48083875632683e+000    5.82920249536335e+000
 3.48903350204869e+000    5.74658573596358e+000
 3.49867437936852e+000    5.66514921598381e+000
 3.51265365148228e+000    5.58961389310403e+000
 3.53145336225597e+000    5.51879952790423e+000
 3.55266329235960e+000    5.45034564154443e+000
 3.57435526632924e+000    5.38425223402462e+000
 3.59749337189684e+000    5.32287978418479e+000
 3.62352374066040e+000    5.26858877086495e+000
 3.65292841648590e+000    5.22137919406508e+000
 3.68377922390938e+000    5.18007081436520e+000
 3.71511207519884e+000    5.14348339234530e+000
 3.74740901422029e+000    5.11161692800540e+000
 3.77970595324175e+000    5.08211094250548e+000
 3.81296697999518e+000    5.05850615410555e+000
 3.84719209448060e+000    5.03962232338560e+000
 3.88141720896602e+000    5.02309897150565e+000
 3.91564232345143e+000    5.01247681672568e+000
 3.95034948180284e+000    5.00893609846569e+000
 3.98505664015425e+000    5.00775585904569e+000
 4.01976379850566e+000    5.01129657730568e+000
 4.05447095685707e+000    5.01601753498567e+000
 4.08869607134249e+000    5.01129657730568e+000
 4.12195709809593e+000    4.99005226774574e+000
 4.15473608098337e+000    4.95700556398584e+000
 4.18365871294288e+000    4.91215646602597e+000
 4.20535068691251e+000    4.85078401618614e+000
 4.21981200289226e+000    4.77524869330636e+000
 4.23041696794408e+000    4.69381217332659e+000
 4.23957580139793e+000    4.61237565334682e+000
 4.24921667871776e+000    4.53093913336705e+000
 4.25885755603760e+000    4.44950261338729e+000
 4.26946252108942e+000    4.36806609340752e+000
 4.27958544227525e+000    4.28662957342775e+000
 4.28970836346108e+000    4.20519305344799e+000
 4.30031332851289e+000    4.12375653346822e+000
 4.30995420583273e+000    4.04232001348845e+000
 4.31863099542058e+000    3.95970325408869e+000
 4.32682574114244e+000    3.87708649468892e+000
 4.33502048686430e+000    3.79446973528916e+000
 4.34369727645216e+000    3.71185297588939e+000
 4.35189202217402e+000    3.62923621648963e+000
 4.36056881176187e+000    3.54661945708987e+000
 4.36924560134972e+000    3.46400269769010e+000
 4.37744034707158e+000    3.38138593829034e+000
 4.38563509279344e+000    3.29876917889058e+000
 4.39382983851531e+000    3.21615241949081e+000
 4.40298867196915e+000    3.13353566009105e+000
 4.41407568088696e+000    3.05327937953128e+000
 4.42612677753676e+000    2.97420333839150e+000
 4.43817787418655e+000    2.89394705783173e+000
 4.45022897083635e+000    2.81487101669196e+000
 4.46228006748614e+000    2.73579497555218e+000
 4.47433116413594e+000    2.65553869499241e+000
 4.48590021691974e+000    2.57528241443264e+000
 4.49843335743553e+000    2.49620637329287e+000
 4.51241262954929e+000    2.41949081099309e+000
 4.52832007712702e+000    2.34395548811330e+000
 4.54470956857074e+000    2.26842016523352e+000
 4.56109906001446e+000    2.19288484235373e+000
 4.57700650759219e+000    2.11616928005395e+000
 4.59387804290190e+000    2.04181419659417e+000
 4.61460592913955e+000    1.97454054965436e+000
 4.63822607857315e+000    1.91316809981453e+000
 4.66329235960472e+000    1.85415612881470e+000
 4.68980477223427e+000    1.79986511549486e+000
 4.71872740419378e+000    1.75265553869499e+000
 4.75006025548325e+000    1.71488787725510e+000
 4.78187515063871e+000    1.68302141291519e+000
 4.81465413352615e+000    1.65587590625527e+000
 4.84839720414558e+000    1.63345135727533e+000
 4.88214027476500e+000    1.61338728713539e+000
 4.91588334538443e+000    1.59686393525544e+000
 4.95059050373584e+000    1.58506154105547e+000
 4.98481561822126e+000    1.57679986511549e+000
 5.01952277657267e+000    1.57325914685551e+000
 5.05422993492408e+000    1.57207890743551e+000
 5.08893709327549e+000    1.57325914685551e+000
 5.12364425162690e+000    1.57798010453549e+000
 5.15835140997831e+000    1.58388130163547e+000
 5.19305856832972e+000    1.58742201989546e+000
 5.22776572668113e+000    1.58978249873546e+000
 5.26247288503254e+000    1.58860225931546e+000
 5.29669799951796e+000    1.57798010453549e+000
 5.32947698240540e+000    1.55437531613556e+000
 5.36177392142685e+000    1.52132861237565e+000
 5.39358881658231e+000    1.48474119035576e+000
 5.42443962400578e+000    1.44697352891587e+000
 5.45529043142926e+000    1.40802562805598e+000
 5.48565919498674e+000    1.36789748777609e+000
 5.51651000241022e+000    1.33012982633620e+000
 5.54880694143167e+000    1.29826336199629e+000
 5.58110388045312e+000    1.26993761591637e+000
 5.61436490720656e+000    1.24515258809644e+000
 5.64810797782598e+000    1.22272803911651e+000
 5.68185104844541e+000    1.20148372955657e+000
 5.71559411906483e+000    1.18259989883662e+000
 5.74933718968426e+000    1.16489630753667e+000
 5.78356230416968e+000    1.14719271623672e+000
 5.81730537478911e+000    1.12830888551678e+000
 5.85104844540853e+000    1.11060529421683e+000
 5.88527355989395e+000    1.09408194233687e+000
 5.91901663051338e+000    1.07401787219693e+000
 5.95275970113280e+000    1.05159332321700e+000
 5.98602072788624e+000    1.02562805597707e+000
 3.35936370209689e+000    6.60225931546114e+000
 3.33188720173536e+000    6.65300961052099e+000
 3.29862617498192e+000    6.67661439892092e+000
