 6.23863969510407e+000    5.80571992110454e+001
 6.60216945177367e+000    5.86489151873767e+001
 6.97742597478745e+000    5.91913214990138e+001
 7.36440926414541e+000    5.96679815910585e+001
 7.75139255350337e+000    6.01282051282051e+001
 8.14423922603342e+000    6.05555555555556e+001
 8.54294928173556e+000    6.09335963182117e+001
 8.94165933743770e+000    6.12952005259698e+001
 9.35209615948402e+000    6.16074950690335e+001
 9.76253298153034e+000    6.19033530571992e+001
 1.01729698035767e+001    6.21827744904668e+001
 1.05834066256230e+001    6.24621959237344e+001
 1.09879800644972e+001    6.27416173570020e+001
 1.14042802697156e+001    6.30046022353715e+001
 1.18205804749340e+001    6.32347140039448e+001
 1.22368806801524e+001    6.34483892176200e+001
 1.26531808853709e+001    6.36456278763971e+001
 1.30694810905893e+001    6.38264299802761e+001
 1.34857812958077e+001    6.40401051939513e+001
 1.39020815010261e+001    6.42373438527285e+001
 1.43242450894166e+001    6.44181459566075e+001
 1.47464086778071e+001    6.45989480604865e+001
 1.51568454998534e+001    6.48126232741617e+001
 1.55731457050718e+001    6.50098619329389e+001
 1.59953092934623e+001    6.51413543721236e+001
 5.90442685429493e+000    5.73175542406312e+001
 5.57607739665787e+000    5.65614727153189e+001
 5.25359132219291e+000    5.57889546351085e+001
 4.94869539724421e+000    5.49671268902038e+001
 4.64966285546761e+000    5.41452991452991e+001
 4.35649369686309e+000    5.32905982905983e+001
 4.07505130460276e+000    5.24194608809993e+001
 3.81119906185869e+000    5.14825772518080e+001
 3.56493696863090e+000    5.05128205128205e+001
