 1.05319148936170e+001    1.68415937803693e+000
 1.08297872340426e+001    1.72789115646259e+000
 1.11595744680851e+001    1.76384839650146e+000
 1.14893617021277e+001    1.80077745383868e+000
 1.18085106382979e+001    1.83965014577259e+000
 1.21382978723404e+001    1.87560738581147e+000
 1.24840425531915e+001    1.90379008746356e+000
 1.28085106382979e+001    1.93197278911565e+000
 1.30797872340426e+001    1.97667638483965e+000
 1.33670212765957e+001    2.02137998056365e+000
 1.36808510638298e+001    2.06122448979592e+000
 1.40000000000000e+001    2.10009718172984e+000
 1.43191489361702e+001    2.13896987366375e+000
 1.46436170212766e+001    2.17687074829932e+000
 1.49627659574468e+001    2.21671525753158e+000
 1.52287234042553e+001    2.26627793974733e+000
 1.01968085106383e+001    1.64917395529640e+000
 9.86702127659574e+000    1.61321671525753e+000
 9.53191489361702e+000    1.57823129251701e+000
 9.20212765957447e+000    1.54324586977648e+000
 8.86702127659574e+000    1.50826044703596e+000
 8.53191489361702e+000    1.47327502429543e+000
 8.19680851063830e+000    1.43828960155491e+000
 7.86170212765957e+000    1.40330417881438e+000
 7.52659574468085e+000    1.36831875607386e+000
 7.19680851063830e+000    1.33333333333333e+000
 6.86170212765957e+000    1.29931972789116e+000
 6.52659574468085e+000    1.26627793974733e+000
 6.19148936170213e+000    1.23226433430515e+000
 5.84574468085106e+000    1.20116618075802e+000
 5.50000000000000e+000    1.17395529640428e+000
 5.17553191489362e+000    1.14382896015549e+000
 4.85638297872340e+000    1.10884353741497e+000
 4.52659574468085e+000    1.07385811467444e+000
 4.18617021276596e+000    1.04178814382896e+000
 3.84042553191489e+000    1.01263362487852e+000
 3.49468085106383e+000    9.83479105928085e-001
 3.13829787234043e+000    9.53352769679300e-001
 2.79787234042553e+000    9.18367346938776e-001
