 3.13854748603352e+002    9.26262626262626e-001
 3.17821229050279e+002    9.29292929292929e-001
 3.21620111731844e+002    9.31649831649832e-001
 3.25307262569832e+002    9.37037037037037e-001
 3.29162011173184e+002    9.40740740740741e-001
 3.33128491620112e+002    9.43097643097643e-001
 3.37150837988827e+002    9.45117845117845e-001
 3.41117318435754e+002    9.46801346801347e-001
 3.45083798882682e+002    9.49831649831650e-001
 3.49050279329609e+002    9.53535353535354e-001
 3.53016759776536e+002    9.55555555555556e-001
 3.56983240223464e+002    9.56902356902357e-001
 3.61005586592179e+002    9.58585858585859e-001
 3.64972067039106e+002    9.59932659932660e-001
 3.68994413407821e+002    9.59932659932660e-001
 3.72960893854749e+002    9.60269360269360e-001
 3.76983240223464e+002    9.61952861952862e-001
 3.80949720670391e+002    9.63973063973064e-001
 3.84972067039106e+002    9.64983164983165e-001
 3.88994413407821e+002    9.65319865319865e-001
 3.93016759776536e+002    9.66329966329966e-001
 3.97039106145251e+002    9.68013468013468e-001
 4.01061452513966e+002    9.69023569023569e-001
 4.05083798882682e+002    9.69360269360269e-001
 4.09106145251397e+002    9.69360269360269e-001
 4.13128491620112e+002    9.69360269360269e-001
 4.17150837988827e+002    9.69360269360269e-001
 4.21173184357542e+002    9.69696969696970e-001
 4.25195530726257e+002    9.70033670033670e-001
 4.29217877094972e+002    9.70370370370370e-001
 4.33240223463687e+002    9.70033670033670e-001
 4.37262569832402e+002    9.70033670033670e-001
 4.41284916201117e+002    9.70370370370370e-001
 4.45307262569832e+002    9.71043771043771e-001
 4.49273743016760e+002    9.71380471380471e-001
 4.53296089385475e+002    9.71717171717172e-001
 4.57318435754190e+002    9.72053872053872e-001
 4.61340782122905e+002    9.72053872053872e-001
 4.65363128491620e+002    9.72053872053872e-001
 4.69385474860335e+002    9.72727272727273e-001
 4.73407821229050e+002    9.73063973063973e-001
 4.77430167597765e+002    9.73063973063973e-001
 4.81452513966480e+002    9.73400673400673e-001
 4.85474860335196e+002    9.73737373737374e-001
 4.89497206703911e+002    9.73400673400673e-001
 4.93519553072626e+002    9.73400673400673e-001
 4.97541899441341e+002    9.73737373737374e-001
 5.01564245810056e+002    9.73737373737374e-001
 5.05586592178771e+002    9.73737373737374e-001
 5.09608938547486e+002    9.73737373737374e-001
 5.13631284916201e+002    9.73400673400673e-001
 5.17653631284916e+002    9.73400673400673e-001
 5.21675977653631e+002    9.73737373737374e-001
 5.25698324022346e+002    9.74074074074074e-001
 5.29720670391062e+002    9.74074074074074e-001
 5.33743016759777e+002    9.74074074074074e-001
 5.37765363128492e+002    9.74074074074074e-001
 5.41787709497207e+002    9.74074074074074e-001
 5.45810055865922e+002    9.74074074074074e-001
 5.49832402234637e+002    9.74074074074074e-001
 5.53854748603352e+002    9.74074074074074e-001
 5.57877094972067e+002    9.74074074074074e-001
 5.61899441340782e+002    9.74410774410774e-001
 5.65921787709497e+002    9.74747474747475e-001
 5.69944134078212e+002    9.74747474747475e-001
 5.73966480446927e+002    9.74747474747475e-001
 5.77988826815642e+002    9.74410774410774e-001
 5.82011173184358e+002    9.74074074074074e-001
 5.86033519553073e+002    9.74410774410774e-001
 5.90055865921788e+002    9.74747474747475e-001
 5.94078212290503e+002    9.74410774410774e-001
 5.98100558659218e+002    9.74410774410774e-001
 6.02122905027933e+002    9.74747474747475e-001
 6.06145251396648e+002    9.74410774410774e-001
 6.10167597765363e+002    9.74074074074074e-001
 6.14189944134078e+002    9.74074074074074e-001
 6.18212290502793e+002    9.74074074074074e-001
 6.22234636871508e+002    9.74074074074074e-001
 6.26256983240223e+002    9.74074074074074e-001
 6.30279329608939e+002    9.74074074074074e-001
 6.34301675977654e+002    9.74074074074074e-001
 6.38324022346369e+002    9.74074074074074e-001
 6.42346368715084e+002    9.74074074074074e-001
 6.46368715083799e+002    9.74410774410774e-001
 6.50391061452514e+002    9.74410774410774e-001
 6.54413407821229e+002    9.74074074074074e-001
 6.58435754189944e+002    9.73737373737374e-001
 6.62458100558659e+002    9.74074074074074e-001
 6.66480446927374e+002    9.74410774410774e-001
 6.70502793296089e+002    9.74410774410774e-001
 6.74525139664804e+002    9.74074074074074e-001
 6.78547486033520e+002    9.73737373737374e-001
 6.82569832402235e+002    9.73400673400673e-001
 6.86592178770950e+002    9.73400673400673e-001
 6.90614525139665e+002    9.74074074074074e-001
 6.94636871508380e+002    9.74410774410774e-001
 6.98659217877095e+002    9.72727272727273e-001
 3.09944134078212e+002    9.20875420875421e-001
 3.06089385474860e+002    9.13804713804714e-001
 3.02234636871508e+002    9.06060606060606e-001
 2.98435754189944e+002    8.98316498316498e-001
 2.94636871508380e+002    8.91919191919192e-001
 2.90726256983240e+002    8.86531986531986e-001
 2.86871508379888e+002    8.80808080808081e-001
 2.82960893854749e+002    8.75084175084175e-001
 2.79050279329609e+002    8.69023569023569e-001
 2.75251396648045e+002    8.61279461279461e-001
 2.71620111731844e+002    8.50841750841751e-001
 2.68212290502793e+002    8.38047138047138e-001
 2.64916201117318e+002    8.24242424242424e-001
 2.61620111731844e+002    8.10437710437710e-001
 2.58491620111732e+002    7.95622895622896e-001
 2.55642458100559e+002    7.79124579124579e-001
 2.52849162011173e+002    7.61616161616162e-001
 2.49720670391061e+002    7.46127946127946e-001
