 6.92991115498519e-001    3.62016151489836e-003
 7.40375123395854e-001    3.62016151489836e-003
 7.87759131293189e-001    3.62016151489836e-003
 8.35143139190523e-001    3.62016151489836e-003
 8.82527147087858e-001    3.62016151489836e-003
 9.29911154985193e-001    3.62016151489836e-003
 9.77295162882527e-001    3.62016151489836e-003
 1.02467917077986e+000    3.62016151489836e-003
 1.07206317867720e+000    3.62016151489836e-003
 1.11944718657453e+000    3.62016151489836e-003
 1.16683119447187e+000    3.62016151489836e-003
 1.21421520236920e+000    3.62016151489836e-003
 1.26159921026654e+000    3.62016151489836e-003
 1.30898321816387e+000    3.62016151489836e-003
 1.35636722606120e+000    3.62016151489836e-003
 1.40375123395854e+000    3.62016151489836e-003
 1.45113524185587e+000    3.62016151489836e-003
 1.49851924975321e+000    3.62016151489836e-003
 1.54590325765054e+000    3.62016151489836e-003
 1.59328726554788e+000    3.62016151489836e-003
 1.64067127344521e+000    3.62016151489836e-003
 1.68805528134255e+000    3.62016151489836e-003
 1.73543928923988e+000    3.62016151489836e-003
 1.78282329713722e+000    3.62016151489836e-003
 1.83020730503455e+000    3.62016151489836e-003
 1.87759131293189e+000    3.62016151489836e-003
 1.92497532082922e+000    3.34168755221387e-003
 1.97235932872655e+000    3.06321358952938e-003
 2.01974333662389e+000    3.06321358952938e-003
 2.06712734452122e+000    3.34168755221387e-003
 2.11451135241856e+000    3.62016151489836e-003
 2.16189536031589e+000    3.62016151489836e-003
 2.20927936821323e+000    3.62016151489836e-003
 2.25666337611056e+000    3.62016151489836e-003
 2.30404738400790e+000    3.62016151489836e-003
 2.35143139190523e+000    3.62016151489836e-003
 2.39881539980257e+000    3.62016151489836e-003
 2.44619940769990e+000    3.62016151489836e-003
 2.49358341559724e+000    3.62016151489836e-003
 2.54096742349457e+000    3.62016151489836e-003
 2.58835143139191e+000    3.62016151489836e-003
 2.63573543928924e+000    3.62016151489836e-003
 2.68311944718657e+000    3.62016151489836e-003
 2.73050345508391e+000    3.62016151489836e-003
 2.77788746298124e+000    3.62016151489836e-003
 2.82527147087858e+000    3.62016151489836e-003
 2.87265547877591e+000    3.62016151489836e-003
 2.92003948667325e+000    3.62016151489836e-003
 2.96742349457058e+000    3.62016151489836e-003
 3.01480750246792e+000    3.62016151489836e-003
 3.06219151036525e+000    3.62016151489836e-003
 3.10957551826259e+000    3.62016151489836e-003
 3.15695952615992e+000    3.62016151489836e-003
 3.20434353405726e+000    3.62016151489836e-003
 3.25172754195459e+000    3.34168755221387e-003
 3.29911154985193e+000    3.06321358952938e-003
 3.34649555774926e+000    3.06321358952938e-003
 3.39387956564659e+000    3.34168755221387e-003
 3.44126357354393e+000    3.62016151489836e-003
 3.48864758144126e+000    3.62016151489836e-003
 3.53603158933860e+000    3.62016151489836e-003
 3.58341559723593e+000    3.62016151489836e-003
 3.63079960513327e+000    3.62016151489836e-003
 3.67818361303060e+000    3.62016151489836e-003
 3.72556762092794e+000    3.62016151489836e-003
 3.77295162882527e+000    3.62016151489836e-003
 3.82033563672261e+000    3.62016151489836e-003
 3.86771964461994e+000    3.62016151489836e-003
 3.91510365251728e+000    3.62016151489836e-003
 3.96248766041461e+000    3.62016151489836e-003
 4.00987166831194e+000    3.62016151489836e-003
 4.05725567620928e+000    3.62016151489836e-003
 4.10463968410661e+000    3.62016151489836e-003
 4.15202369200395e+000    3.62016151489836e-003
 4.19940769990128e+000    3.62016151489836e-003
 4.24679170779862e+000    3.62016151489836e-003
 4.29417571569595e+000    3.62016151489836e-003
 4.34155972359329e+000    3.62016151489836e-003
 4.38894373149062e+000    3.62016151489836e-003
 4.43632773938796e+000    3.62016151489836e-003
 4.48371174728529e+000    3.62016151489836e-003
 4.53109575518263e+000    3.62016151489836e-003
 4.57847976307996e+000    3.62016151489836e-003
 4.62586377097730e+000    3.62016151489836e-003
 4.67324777887463e+000    3.62016151489836e-003
 4.72063178677196e+000    3.62016151489836e-003
 4.76801579466930e+000    3.62016151489836e-003
 4.81539980256663e+000    3.62016151489836e-003
 4.86278381046397e+000    3.62016151489836e-003
 4.91016781836130e+000    3.62016151489836e-003
 4.95755182625864e+000    3.62016151489836e-003
 5.00493583415597e+000    3.62016151489836e-003
 5.05231984205331e+000    3.62016151489836e-003
 5.09970384995064e+000    3.62016151489836e-003
 5.14708785784798e+000    3.62016151489836e-003
 5.19447186574531e+000    3.62016151489836e-003
 5.24185587364265e+000    3.62016151489836e-003
 5.28923988153998e+000    3.62016151489836e-003
 5.33662388943731e+000    3.62016151489836e-003
 5.38400789733465e+000    3.62016151489836e-003
 5.43139190523198e+000    3.62016151489836e-003
 5.47877591312932e+000    3.62016151489836e-003
 5.52615992102665e+000    3.62016151489836e-003
 5.57354392892399e+000    3.62016151489836e-003
 5.62092793682132e+000    3.62016151489836e-003
 5.66831194471866e+000    3.62016151489836e-003
 5.71569595261599e+000    3.62016151489836e-003
 5.76307996051333e+000    3.62016151489836e-003
 5.81046396841066e+000    3.62016151489836e-003
 5.85784797630800e+000    3.62016151489836e-003
 5.90523198420533e+000    3.62016151489836e-003
 5.95261599210267e+000    3.34168755221387e-003
 6.00000000000000e+000    3.89863547758285e-003