 1.59753363228700e+000    8.65890828484345e-001
 1.64237668161435e+000    8.65544472152951e-001
 1.68721973094170e+000    8.65544472152951e-001
 1.73206278026906e+000    8.65544472152951e-001
 1.77690582959641e+000    8.65544472152951e-001
 1.82174887892377e+000    8.65544472152951e-001
 1.86659192825112e+000    8.65544472152951e-001
 1.91143497757848e+000    8.65198115821557e-001
 1.95627802690583e+000    8.65198115821557e-001
 2.00112107623318e+000    8.65198115821557e-001
 2.04596412556054e+000    8.64851759490163e-001
 2.09080717488789e+000    8.64159046827376e-001
 2.13565022421525e+000    8.63812690495982e-001
 2.18049327354260e+000    8.63466334164589e-001
 2.22533632286996e+000    8.63119977833195e-001
 2.27017937219731e+000    8.62427265170407e-001
 2.31502242152466e+000    8.62080908839014e-001
 2.35986547085202e+000    8.61734552507620e-001
 2.40470852017937e+000    8.61388196176226e-001
 2.44955156950673e+000    8.61041839844832e-001
 2.49439461883408e+000    8.60349127182045e-001
 2.53923766816143e+000    8.60002770850651e-001
 2.58408071748879e+000    8.59310058187864e-001
 2.62892376681614e+000    8.58963701856470e-001
 2.67376681614350e+000    8.57924632862289e-001
 2.71860986547085e+000    8.56539207536714e-001
 2.76345291479821e+000    8.55846494873926e-001
 2.80829596412556e+000    8.55500138542533e-001
 2.85313901345291e+000    8.54461069548351e-001
 2.89798206278027e+000    8.53422000554170e-001
 2.94282511210762e+000    8.52729287891383e-001
 2.98766816143498e+000    8.52382931559989e-001
 3.03251121076233e+000    8.51343862565808e-001
 3.07735426008969e+000    8.50304793571627e-001
 3.12219730941704e+000    8.49612080908839e-001
 3.16704035874439e+000    8.49265724577445e-001
 3.21188340807175e+000    8.48573011914658e-001
 3.25672645739910e+000    8.47533942920477e-001
 3.30156950672646e+000    8.46494873926295e-001
 3.34641255605381e+000    8.45455804932114e-001
 3.39125560538117e+000    8.44416735937933e-001
 3.43609865470852e+000    8.43377666943752e-001
 3.48094170403587e+000    8.42338597949571e-001
 3.52578475336323e+000    8.40953172623996e-001
 3.57062780269058e+000    8.39567747298421e-001
 3.61547085201794e+000    8.37835965641452e-001
 3.66031390134529e+000    8.36796896647271e-001
 3.70515695067265e+000    8.35757827653090e-001
 3.75000000000000e+000    8.34718758658908e-001
 3.79484304932735e+000    8.33679689664727e-001
 3.83968609865471e+000    8.32986977001940e-001
 3.88452914798206e+000    8.31947908007758e-001
 3.92937219730942e+000    8.30216126350790e-001
 3.97421524663677e+000    8.28830701025215e-001
 4.01905829596413e+000    8.27098919368246e-001
 4.06390134529148e+000    8.25367137711277e-001
 4.10874439461883e+000    8.23981712385702e-001
 4.15358744394619e+000    8.22249930728734e-001
 4.19843049327354e+000    8.20171792740371e-001
 4.24327354260090e+000    8.18440011083403e-001
 4.28811659192825e+000    8.16708229426434e-001
 4.33295964125561e+000    8.14630091438072e-001
 4.37780269058296e+000    8.12898309781103e-001
 4.42264573991031e+000    8.10820171792740e-001
 4.46748878923767e+000    8.08395677472984e-001
 4.51170901843548e+000    8.05624826821834e-001
 4.55655206776283e+000    8.02853976170684e-001
 4.60077229696064e+000    8.00083125519535e-001
 4.64561534628799e+000    7.97312274868385e-001
 4.69045839561535e+000    7.94887780548629e-001
 4.73530144494270e+000    7.92463286228872e-001
 4.77952167414051e+000    7.88999722914935e-001
 4.82374190333832e+000    7.84497090606816e-001
 4.86796213253612e+000    7.79648101967304e-001
 4.91155954160438e+000    7.75145469659185e-001
 4.95577977080219e+000    7.70642837351067e-001
 5.00000000000000e+000    7.65793848711554e-001
 5.04422022919781e+000    7.61291216403436e-001
 5.09030891878426e+000    7.57134940426711e-001
 5.13452914798206e+000    7.51939595455805e-001
 5.16940707523667e+000    7.40509836519812e-001
 5.19369706028899e+000    7.21806594624550e-001
 5.20989038365720e+000    6.99293433083957e-001
 5.22359242650722e+000    6.75394846217789e-001
 5.23791728948680e+000    6.51149903020227e-001
 5.25348779272546e+000    6.27597672485453e-001
 5.26843547583458e+000    6.04045441950679e-001
 5.28338315894370e+000    5.80493211415905e-001
 5.29770802192327e+000    5.56940980881131e-001
 5.31265570503239e+000    5.33388750346356e-001
 5.32698056801196e+000    5.10182876142976e-001
 5.34192825112108e+000    4.86630645608202e-001
 5.35687593423019e+000    4.63424771404821e-001
 5.37120079720976e+000    4.39872540870047e-001
 5.38614848031888e+000    4.16320310335273e-001
 5.40109616342800e+000    3.92768079800499e-001
 5.41666666666667e+000    3.69215849265725e-001
 5.43161434977578e+000    3.45663618730950e-001
 5.44656203288490e+000    3.22111388196176e-001
 5.46088689586447e+000    2.98559157661402e-001
 5.47521175884405e+000    2.75006927126628e-001
 5.49015944195316e+000    2.51454696591854e-001
 5.50510712506228e+000    2.27902466057080e-001
 5.52005480817140e+000    2.04350235522305e-001
 5.53500249128052e+000    1.80798004987531e-001
 5.54995017438964e+000    1.57245774452757e-001
 5.56427503736921e+000    1.33693543917983e-001
 5.57922272047833e+000    1.10141313383209e-001
 5.59417040358744e+000    8.69354391798282e-002
 5.60849526656702e+000    6.33832086450540e-002
 5.62344294967613e+000    3.98309781102799e-002
 5.63839063278525e+000    1.62787475755057e-002
 1.55269058295964e+000    8.65544472152951e-001
 1.50784753363229e+000    8.65544472152951e-001
 1.46300448430493e+000    8.65198115821557e-001
 1.41816143497758e+000    8.65198115821557e-001
 1.37331838565022e+000    8.65198115821557e-001
 1.32847533632287e+000    8.65198115821557e-001
 1.28363228699552e+000    8.64851759490163e-001
 1.23878923766816e+000    8.64505403158770e-001
 1.19394618834081e+000    8.64159046827376e-001
 1.14910313901345e+000    8.63466334164589e-001
 1.10426008968610e+000    8.63119977833195e-001
 1.05941704035874e+000    8.63119977833195e-001
 1.01457399103139e+000    8.63119977833195e-001
 9.69730941704036e-001    8.63119977833195e-001
 9.24887892376682e-001    8.63812690495982e-001
 8.80044843049327e-001    8.64505403158770e-001
 8.35201793721973e-001    8.64505403158770e-001
 7.90358744394619e-001    8.63812690495982e-001
 7.45515695067265e-001    8.63119977833195e-001
 7.00672645739910e-001    8.63119977833195e-001
 6.55829596412556e-001    8.63119977833195e-001
 6.10986547085202e-001    8.63119977833195e-001
 5.66143497757847e-001    8.63119977833195e-001
 5.21300448430493e-001    8.63119977833195e-001
 4.76457399103139e-001    8.63812690495982e-001
 4.31614349775785e-001    8.64505403158770e-001
 3.86771300448431e-001    8.64505403158770e-001
 3.41928251121076e-001    8.64505403158770e-001
 2.97085201793722e-001    8.64505403158770e-001
 2.52242152466368e-001    8.64505403158770e-001
 2.07399103139013e-001    8.63812690495982e-001
 1.62556053811659e-001    8.63119977833195e-001
 1.17713004484305e-001    8.63119977833195e-001
 7.28699551569507e-002    8.65198115821557e-001
 2.92725460886896e-002    8.71432529786644e-001
