Generated by GetData Graph Digitizer 2.26.0.20 on August 08 2025, 04:42
from file 'C:\Users\eltisau\Desktop\Workdir\ResearchReading\DataFromPlots\SiPMAFBR\image.jpg'

Line #1
 1.27476143468246e+000    3.82598758605409e-001
 1.32148733135900e+000    3.85681490113350e-001
 1.36821322803554e+000    3.89599643509344e-001
 1.41493912471208e+000    3.93239322942653e-001
 1.46166502138861e+000    3.96879002375963e-001
 1.50839091806515e+000    4.01075629734642e-001
 1.55511681474169e+000    4.04993783130636e-001
 1.60118460019743e+000    4.09190135589055e-001
 1.64725238565318e+000    4.13664962010159e-001
 1.69332017110892e+000    4.18418262393947e-001
 1.73938795656466e+000    4.23171562777735e-001
 1.78479763079961e+000    4.28481536186633e-001
 1.83086541625535e+000    4.33791784495790e-001
 1.87693320171109e+000    4.39102032804948e-001
 1.92234287594604e+000    4.44968954139214e-001
 1.96709443896018e+000    4.51392548498591e-001
 2.01184600197433e+000    4.58094616820652e-001
 2.05659756498848e+000    4.65353633068082e-001
 2.10069101678184e+000    4.72612374415253e-001
 2.14478446857519e+000    4.80428063687792e-001
 2.18690358670615e+000    4.89356824110292e-001
 2.22836459361632e+000    4.99120731520586e-001
 2.26850937808490e+000    5.09441037055730e-001
 2.30865416255347e+000    5.20039816553559e-001
 2.34748272458045e+000    5.31751942101607e-001
 2.38499506416584e+000    5.44298939737190e-001
 2.42250740375123e+000    5.56288989447404e-001
 2.46199407699901e+000    5.67722915933027e-001
 2.50279697268838e+000    5.78321970331115e-001
 2.54557420204014e+000    5.86137109803136e-001
 2.59032576505429e+000    5.88105120759560e-001
 2.63573543928924e+000    5.84782401325239e-001
 2.68048700230339e+000    5.79231615289183e-001
 2.72655478775913e+000    5.73681379053645e-001
 2.77328068443567e+000    5.69245313569104e-001
 2.82000658111221e+000    5.66201617897986e-001
 2.86739058900954e+000    5.64829040903234e-001
 2.91477459690688e+000    5.64291885796536e-001
 2.96215860480421e+000    5.64868626540575e-001
 3.00954261270155e+000    5.66002315209984e-001
 3.05692662059888e+000    5.67692951804761e-001
 3.10431062849622e+000    5.69940536324908e-001
 3.15103652517275e+000    5.72466319907480e-001
 3.19776242184929e+000    5.75549051415420e-001
 3.24448831852583e+000    5.79745678774099e-001
 3.29055610398157e+000    5.84498979157887e-001
 3.33662388943731e+000    5.89530753504360e-001
 3.38203356367226e+000    5.95676148801311e-001
 3.42678512668641e+000    6.02935165048741e-001
 3.47022046725897e+000    6.11029053383706e-001
 3.51168147416913e+000    6.20514486831315e-001
 3.55182625863771e+000    6.31113266329144e-001
 3.59197104310629e+000    6.42268993752342e-001
 3.63014149391247e+000    6.54259318362815e-001
 3.66567949983547e+000    6.67083965260304e-001
 3.70055939453768e+000    6.80743759145588e-001
 3.73609740046068e+000    6.93846880005762e-001
 3.77426785126686e+000    7.05001782728182e-001
 3.81638696939783e+000    7.14209017113366e-001
 3.86048042119118e+000    7.21746232423221e-001
 3.90523198420533e+000    7.28169826782598e-001
 3.95064165844028e+000    7.33758274154180e-001
 3.99670944389602e+000    7.38511574537968e-001
 4.04343534057256e+000    7.41594306045909e-001
 4.09081934846989e+000    7.43006468678002e-001
 4.13820335636723e+000    7.42469313571304e-001
 4.18492925304376e+000    7.39425617900185e-001
 4.23099703849951e+000    7.34710803552701e-001
 4.27706482395525e+000    7.29717515242532e-001
 4.32247449819019e+000    7.24445478069420e-001
 4.36788417242514e+000    7.18616492970938e-001
 4.41263573543929e+000    7.12508759009512e-001
 4.45804540967423e+000    7.06679773911031e-001
 4.50345508390918e+000    7.00572314849865e-001
 4.54886475814413e+000    6.94464855788698e-001
 4.59427443237907e+000    6.88635870690217e-001
 4.63902599539322e+000    6.82528136728791e-001
 4.68377755840737e+000    6.76698876730050e-001
 4.72918723264232e+000    6.70869891631569e-001
 4.77459690687726e+000    6.64762432570403e-001
 4.82000658111221e+000    6.59490395397290e-001
 4.86673247778875e+000    6.54497381987380e-001
 4.91345837446528e+000    6.50339790465524e-001
 4.96018427114182e+000    6.47853042719775e-001
 5.00756827903916e+000    6.47315887613077e-001
 5.05495228693649e+000    6.48449576282485e-001
 5.10167818361303e+000    6.51253833827741e-001
 5.14774596906877e+000    6.56007134211530e-001
 5.19381375452451e+000    6.61595856483371e-001
 5.23988153998026e+000    6.66627630829844e-001
 5.28660743665680e+000    6.70545784225838e-001
 5.33333333333333e+000    6.73628515733779e-001
 5.38071734123067e+000    6.75319152328556e-001
 5.42810134912800e+000    6.75617419109911e-001
 5.47548535702534e+000    6.75637211928582e-001
 5.52286936492267e+000    6.75657004747253e-001
 5.57025337282001e+000    6.75398323603239e-001
 5.61763738071734e+000    6.75139642459225e-001
 5.66502138861468e+000    6.74880961315211e-001
 5.71240539651201e+000    6.74343806208512e-001
 5.75978940440934e+000    6.74085125064498e-001
 5.80717341230668e+000    6.73826443920485e-001
 5.85455742020401e+000    6.74403184664524e-001
 5.90194142810135e+000    6.75815347296617e-001
 5.94932543599868e+000    6.77505983891395e-001
 5.99670944389602e+000    6.78918146523488e-001
 1.22803553800592e+000    3.79237553134784e-001
 1.18130964132938e+000    3.76154821626843e-001
 1.13458374465285e+000    3.73350564081587e-001
 1.08785784797631e+000    3.70546306536331e-001
 1.04113195129977e+000    3.67742048991075e-001
 9.94406054623231e-001    3.64937791445819e-001
 9.47680157946693e-001    3.62412007863247e-001
 9.00954261270155e-001    3.59886224280675e-001
 8.54228364593616e-001    3.57360440698104e-001
 8.07502467917078e-001    3.54834657115532e-001
 7.60118460019743e-001    3.52865546558070e-001
 7.12734452122409e-001    3.51174909963293e-001
 6.66008555445870e-001    3.48927600343405e-001
 6.18624547548536e-001    3.46680015823259e-001
 5.71240539651201e-001    3.44432431303112e-001
 5.23856531753866e-001    3.42741794708335e-001
 4.76472523856532e-001    3.41051158113557e-001
 4.29088515959197e-001    3.39082047556095e-001
 3.81704508061863e-001    3.37669884924002e-001
 3.34320500164528e-001    3.36257722291909e-001
 2.86936492267193e-001    3.34567085697132e-001
 2.39552484369859e-001    3.33154923065039e-001
 1.92168476472524e-001    3.31742760432946e-001
 1.44784468575189e-001    3.30330597800853e-001
 9.74004606778546e-002    3.28918435168760e-001
