 3.30945558739255e+002    4.55555555555556e+001
 3.36867239732569e+002    4.71604938271605e+001
 3.42024832855778e+002    4.87654320987654e+001
 3.49665711556829e+002    5.01234567901235e+001
 3.60171919770774e+002    5.12098765432099e+001
 3.68767908309456e+002    5.24938271604938e+001
 3.74689589302770e+002    5.40493827160494e+001
 3.79274116523400e+002    5.57283950617284e+001
 3.83667621776504e+002    5.74074074074074e+001
 3.88252148997135e+002    5.91111111111111e+001
 3.94173829990449e+002    6.07901234567901e+001
 4.02769818529131e+002    6.21481481481481e+001
 4.13849092645654e+002    6.26913580246914e+001
 4.26074498567335e+002    6.23703703703704e+001
 4.37917860553964e+002    6.14814814814815e+001
 4.48806112702961e+002    6.03209876543210e+001
 4.58739255014327e+002    5.90617283950617e+001
 4.67717287488061e+002    5.77283950617284e+001
 4.76122254059217e+002    5.63456790123457e+001
 4.84145176695320e+002    5.48888888888889e+001
 4.91977077363897e+002    5.34074074074074e+001
 4.99617956064947e+002    5.19506172839506e+001
 5.07449856733524e+002    5.05185185185185e+001
 5.15472779369627e+002    4.90617283950617e+001
 5.23686723973257e+002    4.76296296296296e+001
 5.32282712511939e+002    4.62716049382716e+001
 5.41260744985673e+002    4.49382716049383e+001
 5.51002865329513e+002    4.37037037037037e+001
 5.61318051575931e+002    4.25432098765432e+001
 5.71824259789876e+002    4.13827160493827e+001
 5.82330468003820e+002    4.02469135802469e+001
 5.92263610315186e+002    3.90864197530864e+001
 6.01432664756447e+002    3.78518518518518e+001
 6.10219675262655e+002    3.64938271604938e+001
 6.18242597898758e+002    3.50864197530864e+001
 6.26074498567335e+002    3.36296296296296e+001
 6.34097421203438e+002    3.20740740740741e+001
 6.42693409742120e+002    3.07160493827161e+001
 3.28462273161414e+002    4.38024691358025e+001
 3.19866284622732e+002    4.25185185185185e+001
 3.09933142311366e+002    4.13333333333333e+001
 3.03247373447947e+002    3.99506172839506e+001
 3.00191021967526e+002    3.82962962962963e+001
 2.99044890162369e+002    3.65185185185185e+001
 2.98089780324737e+002    3.47407407407407e+001
 2.96370582617001e+002    3.29629629629630e+001
 2.94269340974212e+002    3.12345679012346e+001
 2.92168099331423e+002    2.94814814814815e+001
 2.90448901623687e+002    2.77283950617284e+001
 2.88729703915950e+002    2.59753086419753e+001
 2.87010506208214e+002    2.42222222222222e+001
 2.85482330468004e+002    2.24691358024691e+001
 2.83954154727794e+002    2.07160493827161e+001
 2.82234957020057e+002    1.89629629629630e+001
 2.79942693409742e+002    1.72098765432099e+001
 2.77459407831901e+002    1.54814814814815e+001
 2.75358166189112e+002    1.37283950617284e+001
 2.73447946513849e+002    1.19753086419753e+001
 2.70964660936008e+002    1.01975308641975e+001
 2.67526265520535e+002    8.41975308641975e+000
 2.61222540592168e+002    6.91358024691358e+000
 2.48806112702961e+002    6.14814814814815e+000
 6.86819484240688e+002    2.55555555555556e+001
 6.96943648519580e+002    2.43456790123457e+001
 7.06876790830946e+002    2.31358024691358e+001
 7.16809933142311e+002    2.19259259259259e+001
 7.26934097421203e+002    2.07160493827161e+001
 7.37440305635148e+002    1.95308641975309e+001
 7.47946513849093e+002    1.83703703703704e+001
 7.58070678127985e+002    1.71851851851852e+001
 7.68194842406877e+002    1.60246913580247e+001
 7.78892072588348e+002    1.49382716049383e+001
 7.89971346704871e+002    1.38518518518519e+001
 8.00859598853868e+002    1.27407407407407e+001
 8.11938872970392e+002    1.17283950617284e+001
 8.23400191021968e+002    1.07654320987654e+001
 8.34670487106017e+002    9.77777777777778e+000
 8.46131805157593e+002    8.79012345679012e+000
 8.57975167144222e+002    7.92592592592593e+000
 8.70773638968481e+002    7.16049382716049e+000
 8.83572110792741e+002    6.37037037037037e+000
 8.93123209169054e+002    5.25925925925926e+000
 6.76313276026743e+002    2.66913580246914e+001
 6.66380133715377e+002    2.79259259259259e+001
 6.55873925501433e+002    2.90864197530864e+001
 6.44221585482331e+002    3.00000000000000e+001
