 8.35237283319125e+000    5.47086914995224e+000
 8.61096902529128e+000    5.59312320916905e+000
 8.86160841148054e+000    5.72683858643744e+000
 9.10826939471441e+000    5.86055396370583e+000
 9.35890878090366e+000    5.99426934097421e+000
 9.61352657004831e+000    6.12034383954155e+000
 9.87212276214834e+000    6.24641833810888e+000
 1.01227621483376e+001    6.38013371537727e+000
 1.03734015345269e+001    6.51002865329513e+000
 1.06319977266269e+001    6.63610315186246e+000
 1.08866155157715e+001    6.76217765042980e+000
 1.11412333049162e+001    6.88443170964661e+000
 1.14117647058824e+001    6.99522445081184e+000
 1.16783177038932e+001    7.10983763132760e+000
 1.18851946575732e+001    7.27029608404967e+000
 8.10173344700199e+000    5.33333333333333e+000
 7.85507246376812e+000    5.19197707736390e+000
 7.60443307757886e+000    5.05444126074499e+000
 7.35379369138960e+000    4.92072588347660e+000
 7.10315430520034e+000    4.78701050620821e+000
 6.85649332196647e+000    4.64947468958930e+000
 6.60585393577721e+000    4.51193887297039e+000
 6.34725774367718e+000    4.37058261700096e+000
 6.12844558113100e+000    4.19866284622732e+000
 1.28638817845979e+001    7.66380133715377e+000
 1.31184995737425e+001    7.79369627507163e+000
 1.33810741687980e+001    7.90448901623687e+000
 1.36396703608980e+001    8.01528175740210e+000
 1.39022449559534e+001    8.12989493791786e+000
 1.41648195510088e+001    8.24068767908310e+000
 1.44234157431088e+001    8.35148042024833e+000
 1.46859903381643e+001    8.46227316141356e+000
 1.49445865302643e+001    8.57688634192932e+000
 1.52111395282751e+001    8.68003820439350e+000
 1.54936061381074e+001    8.77554918815664e+000
 1.57561807331628e+001    8.88634192932187e+000
 1.59431656720659e+001    9.04680038204394e+000
 1.26052855924979e+001    7.54918815663801e+000
 1.23506678033532e+001    7.42693409742120e+000
 1.20960500142086e+001    7.30468003820439e+000
 1.18294970161978e+001    7.19770773638968e+000
