 8.88205128205128e+000    1.89239095829354e+001
 9.15726495726496e+000    1.92040751353072e+001
 9.42450142450143e+000    1.95733842725247e+001
 9.69572649572650e+000    1.98662846227316e+001
 9.97492877492877e+000    1.99808978032474e+001
 8.61481481481481e+000    1.85673352435530e+001
 8.34358974358974e+000    1.82489652976759e+001
 8.07236467236467e+000    1.79178605539637e+001
 7.80512820512820e+000    1.75867558102515e+001
 7.53390313390313e+000    1.72556510665393e+001
 7.27065527065527e+000    1.69245463228271e+001
 7.00740740740741e+000    1.65934415791149e+001
 6.74017094017094e+000    1.61986628462273e+001
 6.46096866096866e+000    1.58166189111748e+001
 6.18974358974359e+000    1.57274753263292e+001
 1.06928774928775e+001    2.12161731932506e+001
 1.09601139601140e+001    2.15472779369628e+001
 1.12153846153846e+001    2.19547914676855e+001
 1.14786324786325e+001    2.23241006049029e+001
 1.17418803418803e+001    2.26424705507800e+001
 1.19851851851852e+001    2.29863100923273e+001
 1.22205128205128e+001    2.34192932187202e+001
 1.24598290598291e+001    2.39032155364534e+001
 1.27071225071225e+001    2.43616682585164e+001
 1.29623931623932e+001    2.47691817892391e+001
 1.32176638176638e+001    2.51766953199618e+001
 1.34649572649573e+001    2.56096784463547e+001
 1.37162393162393e+001    2.60553963705826e+001
 1.39715099715100e+001    2.64756446991404e+001
 1.42267806267806e+001    2.68958930276982e+001
 1.44780626780627e+001    2.73416109519261e+001
 1.47333333333333e+001    2.77745940783190e+001
 1.49886039886040e+001    2.81821076090417e+001
 1.52398860398860e+001    2.86023559375995e+001
 1.54911680911681e+001    2.90608086596625e+001
 1.57424501424501e+001    2.95192613817256e+001
 1.60017094017094e+001    2.98248965297676e+001
 1.04256410256410e+001    2.08595988538682e+001
 1.01703703703704e+001    2.04520853231455e+001
