 3.52434321523259e+000    1.83324928559422e+000
 3.56772716317185e+000    1.83913262733233e+000
 3.61111111111111e+000    1.84383930072281e+000
 3.65449505905037e+000    1.84736930576567e+000
 3.69787900698964e+000    1.85207597915616e+000
 3.74126295492890e+000    1.85678265254665e+000
 3.78464690286816e+000    1.86031265758951e+000
 3.82803085080742e+000    1.86501933098000e+000
 3.87141479874669e+000    1.86972600437048e+000
 3.91479874668595e+000    1.87443267776097e+000
 3.95818269462521e+000    1.88031601949908e+000
 4.00156664256447e+000    1.88619936123718e+000
 4.04495059050374e+000    1.89208270297529e+000
 4.08833453844300e+000    1.89678937636578e+000
 4.13171848638226e+000    1.90384938645150e+000
 4.17449987948903e+000    1.91090939653723e+000
 4.21788382742830e+000    1.91796940662296e+000
 4.26066522053507e+000    1.92620608505631e+000
 4.30404916847433e+000    1.93444276348966e+000
 4.34743311641359e+000    1.94150277357539e+000
 4.39081706435286e+000    1.94856278366112e+000
 4.43420101229212e+000    1.95797613044209e+000
 4.47698240539889e+000    1.96738947722306e+000
 4.52036635333815e+000    1.97797949235166e+000
 4.56314774644493e+000    1.98974617582787e+000
 4.60653169438419e+000    2.00033619095646e+000
 4.64931308749096e+000    2.01210287443268e+000
 4.69209448059773e+000    2.02386955790889e+000
 4.73487587370451e+000    2.03445957303749e+000
 4.77765726681128e+000    2.04740292486132e+000
 4.82043865991805e+000    2.06387628172802e+000
 4.86261749819234e+000    2.08505631198521e+000
 4.90479633646662e+000    2.10623634224239e+000
 4.94697517474090e+000    2.12623970415196e+000
 4.98915401301518e+000    2.14624306606152e+000
 5.03133285128947e+000    2.16742309631871e+000
 5.07351168956375e+000    2.18624978988065e+000
 5.11629308267052e+000    2.20389981509497e+000
 5.15847192094481e+000    2.22154984030930e+000
 5.20065075921909e+000    2.24272987056648e+000
 5.24222704266088e+000    2.26508656917129e+000
 5.28380332610268e+000    2.28861993612372e+000
 5.32598216437696e+000    2.31097663472853e+000
 5.36755844781875e+000    2.33451000168095e+000
 5.40913473126054e+000    2.35804336863338e+000
 5.45071101470234e+000    2.38040006723819e+000
 5.49288985297662e+000    2.40158009749538e+000
 5.53446613641841e+000    2.42393679610018e+000
 5.57604241986021e+000    2.44747016305261e+000
 5.61822125813449e+000    2.46629685661456e+000
 3.48095926729332e+000    1.82501260716087e+000
 3.43757531935406e+000    1.82148260211800e+000
 3.39419137141480e+000    1.81795259707514e+000
 3.35080742347554e+000    1.81442259203227e+000
 3.30742347553627e+000    1.81089258698941e+000
 3.26403952759701e+000    1.80736258194655e+000
 3.22065557965775e+000    1.80500924525130e+000
 3.17727163171849e+000    1.80265590855606e+000
 3.13388768377922e+000    1.79912590351320e+000
 3.09050373583996e+000    1.79559589847033e+000
 3.04711978790070e+000    1.79206589342747e+000
 3.00373583996144e+000    1.78853588838460e+000
 2.96035189202217e+000    1.78618255168936e+000
 2.91696794408291e+000    1.78382921499412e+000
 2.87358399614365e+000    1.78029920995125e+000
 2.83020004820439e+000    1.77676920490839e+000
 2.78681610026512e+000    1.77441586821315e+000
 2.74343215232586e+000    1.76970919482266e+000
 2.70004820438660e+000    1.76500252143217e+000
 2.65666425644734e+000    1.76382585308455e+000
 2.61328030850807e+000    1.76382585308455e+000
 2.56989636056881e+000    1.76147251638931e+000
 2.52651241262955e+000    1.75676584299882e+000
 2.48312846469029e+000    1.75441250630358e+000
 2.43974451675102e+000    1.75323583795596e+000
 2.39636056881176e+000    1.75088250126072e+000
 2.35297662087250e+000    1.74970583291309e+000
 2.30959267293324e+000    1.74617582787023e+000
 2.26620872499397e+000    1.74264582282737e+000
 2.22282477705471e+000    1.74146915447974e+000
 2.17944082911545e+000    1.74146915447974e+000
 2.13605688117619e+000    1.74146915447974e+000
 2.09267293323692e+000    1.74146915447974e+000
 2.04928898529766e+000    1.73911581778450e+000
 2.00590503735840e+000    1.73793914943688e+000
 1.96252108941914e+000    1.73676248108926e+000
 1.91913714147987e+000    1.73440914439402e+000
 1.87575319354061e+000    1.73323247604639e+000
 1.83236924560135e+000    1.73323247604639e+000
 1.78898529766209e+000    1.73205580769877e+000
 1.74560134972282e+000    1.73087913935115e+000
 1.70221740178356e+000    1.73205580769877e+000
 1.65883345384430e+000    1.73205580769877e+000
 1.61544950590504e+000    1.73205580769877e+000
 1.57206555796578e+000    1.73205580769877e+000
 1.52868161002651e+000    1.73205580769877e+000
 1.48529766208725e+000    1.73440914439402e+000
 1.44191371414799e+000    1.73676248108926e+000
 1.39852976620873e+000    1.73793914943688e+000
 1.35514581826946e+000    1.73793914943688e+000
 1.31176187033020e+000    1.73793914943688e+000
 1.26837792239094e+000    1.73911581778450e+000
 1.22499397445168e+000    1.74029248613212e+000
 1.18161002651241e+000    1.74146915447974e+000
 1.13822607857315e+000    1.74264582282737e+000
 1.09484213063389e+000    1.74146915447974e+000
 1.05145818269463e+000    1.74146915447974e+000
 1.00807423475536e+000    1.74146915447974e+000
 9.64690286816100e-001    1.74146915447974e+000
 9.21306338876838e-001    1.74146915447974e+000
 8.77922390937575e-001    1.74029248613212e+000
 8.34538442998313e-001    1.74029248613212e+000
 7.91154495059050e-001    1.74146915447974e+000
 7.47770547119788e-001    1.74264582282737e+000
 7.04386599180525e-001    1.74146915447974e+000
 6.61002651241263e-001    1.74146915447974e+000
 6.17618703302001e-001    1.74146915447974e+000
 5.74234755362738e-001    1.74146915447974e+000
 5.30850807423475e-001    1.74146915447974e+000
 4.87466859484213e-001    1.74146915447974e+000
 4.44082911544951e-001    1.74146915447974e+000
 4.00698963605688e-001    1.74029248613212e+000
 3.57315015666426e-001    1.74029248613212e+000
 3.13931067727163e-001    1.74029248613212e+000
 2.70547119787901e-001    1.74029248613212e+000
 2.27163171848638e-001    1.74146915447974e+000
 1.83779223909376e-001    1.74264582282737e+000
 1.40395275970113e-001    1.74264582282737e+000
 9.70113280308508e-002    1.73911581778450e+000
 5.42299349240781e-002    1.72970247100353e+000
 1.14485418173054e-002    1.71322911413683e+000
