 4.37319884726225e+002    1.35000000000000e+000
 4.56906537831271e+002    1.34852941176471e+000
 4.80348010962310e+002    1.34723039215686e+000
 5.04753630558852e+002    1.34598039215686e+000
 5.29641323388145e+002    1.34475490196078e+000
 5.54530782053455e+002    1.34355392156863e+000
 5.80380855512234e+002    1.34235294117647e+000
 6.07200372944567e+002    1.34127450980392e+000
 6.35953480815958e+002    1.34036764705882e+000
 6.65668969316833e+002    1.33948529411765e+000
 6.94900618748941e+002    1.33855392156863e+000
 7.24135799853083e+002    1.33767156862745e+000
 7.55304571396282e+002    1.33696078431373e+000
 7.87441021077019e+002    1.33634803921569e+000
 8.19572173249703e+002    1.33566176470588e+000
 8.50735647284851e+002    1.33487745098039e+000
 8.82393555404871e+002    1.33428921568627e+000
 9.15513575747302e+002    1.33399509803922e+000
 1.00763724077527e+003    1.33267156862745e+000
 1.10073741312087e+003    1.33156862745098e+000
 1.13287916030966e+003    1.33102941176471e+000
 1.16601154150421e+003    1.33090686274510e+000
 1.25865259648528e+003    1.33009803921569e+000
 1.29079964118212e+003    1.32963235294118e+000
 1.32440173475730e+003    1.32936274509804e+000
 1.35848766740125e+003    1.32914215686275e+000
 1.39257183420919e+003    1.32889705882353e+000
 1.42665600101712e+003    1.32865196078431e+000
 1.46122400689382e+003    1.32845588235294e+000
 1.49531347120981e+003    1.32828431372549e+000
 1.52987794541448e+003    1.32803921568627e+000
 1.56491742950783e+003    1.32772058823529e+000
 1.59853894727920e+003    1.32772058823529e+000
 4.19175919647398e+002    1.35149509803922e+000
 4.00549881335820e+002    1.35296568627451e+000
 3.82407682093010e+002    1.35448529411765e+000
 3.65708170876420e+002    1.35602941176471e+000
 3.49488967056563e+002    1.35757352941176e+000
 3.34230378030175e+002    1.35911764705882e+000
 3.20898316098774e+002    1.36073529411765e+000
 3.08532166468893e+002    1.36242647058824e+000
 2.94237723908007e+002    1.36401960784314e+000
 2.76086695485110e+002    1.36541666666667e+000
